model_name,model_size_mb,temperature,top_p,max_tokens,task,scenario,backend,startup,ttft_sec,coldstart,batch_size,num_queries,total_generation_time_s,avg_gpu_mem_mb,peak_gpu_mem_mb,overhead_mb,avg_gpu_util_pct,peak_gpu_util_pct,avg_cpu_util_pct,peak_cpu_util_pct,avg_ram_mb,peak_ram_mb,avg_power_w,peak_power_w,total_energy_wh,avg_generation_time,avg_tokens_generated,avg_sentences_generated,avg_ATL,avg_GL,avg_TPS,avg_SPS,avg_energy_per_token,avg_energy_per_sentence,avg_subset_em,avg_field_f1,avg_field_em,avg_num_pages,avg_num_words,avg_doc_tp,avg_doc_fp,avg_doc_fn,avg_effective_date_f1,avg_effective_date_precision,avg_effective_date_recall,avg_effective_date_tp,avg_effective_date_fp,avg_effective_date_fn,avg_jurisdiction_f1,avg_jurisdiction_precision,avg_jurisdiction_recall,avg_jurisdiction_tp,avg_jurisdiction_fp,avg_jurisdiction_fn,avg_party_f1,avg_party_precision,avg_party_recall,avg_party_tp,avg_party_fp,avg_party_fn,avg_term_f1,avg_term_precision,avg_term_recall,avg_term_tp,avg_term_fp,avg_term_fn,avg_calculated_document_f1,avg_calculated_field_em,avg_calculated_fuzzy_score
Llama-3.2-3B-Instruct,6127.833984375,0.6,0.9,128,kleister_nda_tesseract,batch,vllm,128.2174,0.0927,128.3101,10,337,314.386694,21304.94,21304.94,15177.11,93.78,100.0,1.09,14.49,973.71,989.33,69.87,75.56,5.942894722222222,0.932898,13.988131,2.264095,0.107573,0.932898,14.99546,2.435341,7.516216,44.649821,0.195846,0.670143,0.578388,0.0,2911.979228,1.884273,1.005935,0.237389,0.611276,0.611276,0.611276,0.611276,0.142433,0.032641,0.637982,0.637982,0.637982,0.637982,0.255193,0.091988,0.418398,0.418398,0.418398,0.418398,0.474777,0.10089,0.216617,0.216617,0.216617,0.216617,0.133531,0.011869,0.6855431855884431,0.594213649851632,0.7715158259149357
